7410210092889191961079610210110696101107959210192
1101061078810191881059135106108909588106881081071
0293102105107112103929610193921059210190923574102
10092889191961079610210110696101107959210192110106
10788101918810591351061089095881068810810710293102
10510711210392961019392105921019092357410210092889
191961079610210110696101107959210192110106107881019
1881059135106108909588106881081071029310210510711210
39296101939210592101909235741021009288919196107961021
011069610110795921019211010610788101918810591351061089
0958810688108107102931021051071121039296101939210592101909235